20150724163831       107         4          17107         2  2         0 "No "
20150724163831       107        10            209         6  2         0 "3"
20150724163831       107        20            139         6  2         0 "3"
20150724163831       107        50            128         5  2         0 "4 much"
20150724163831       107        60            122         5  2         0 "4 much "
20150724163831       107      1080            195         6  2         0 "3"
20150724163831       107      1110            164         6  2         0 "3"
20150724163831       107      1120            189         3  2         0 "6 very much"
20150724163831       107      1140            163         7  2         0 "2 somewhat"
20150724163831       107      1150            129         7  2         0 "2 somewhat"
20150724163831       107      1160            144         8  2         0 "1"
20150724163831       107      1170            125         7  2         0 "2 somewhat"
20150724163831       107      1180            134         9  2         0 "0 not at all"
20150724163831       107      1210            121         7  2         0 "2 somewhat"
20150724163831       107      1220            119         7  2         0 "2 a little"
20150724163831       107      1230            131         8  2         0 "1"
20150724163831       107      1310            324         2  2         0 "No"
20150724163831       107      1410            136         2  2         0 "7"
20150724163831       107      1420            156         6  2         0 "3"
20150724163831       107      1430            115         6  2         0 "3"
20150724163831       107      1510            113         5  2         0 "4 31-40min"
20150724163831       107      1520            112         6  2         0 "5 41-50min"
20150724163831       107      1600            105         1  1         0 "Ok"
20150724201417       107         4            393         2  2         0 "No "
20150724201417       107        10            250         3  2         0 "6 very much"
20150724201417       107        20            164         7  2         0 "2 somewhat"
20150724201417       107        50            138         6  2         0 "3"
20150724201417       107        60            210         7  2         0 "2 somewhat "
20150724201417       107      1080            135         7  2         0 "2 somewhat"
20150724201417       107      1110            165         7  2         0 "2 somewhat"
20150724201417       107      1120            134         6  2         0 "3"
20150724201417       107      1140            216         6  2         0 "3"
20150724201417       107      1150            200         6  2         0 "3"
20150724201417       107      1160            161         5  2         0 "4 much"
20150724201417       107      1170            181         6  2         0 "3"
20150724201417       107      1180            154         9  2         0 "0 not at all"
20150724201417       107      1210            138         8  2         0 "1"
20150724201417       107      1220            192         7  2         0 "2 a little"
20150724201417       107      1230            164         6  2         0 "3"
20150724201417       107      1310            296         2  2         0 "No"
20150724201417       107      1410            178         6  2         0 "3"
20150724201417       107      1420            143         6  2         0 "3"
20150724201417       107      1430            141         6  2         0 "3"
20150724201417       107      1510            234         7  2         0 "6 51-60min"
20150724201417       107      1520            147         3  2         0 "2 21-30 min"
20150724201417       107      1600            128         1  1         0 "Ok"
20150725085948       107         4            259         1  2         0 "Yes "
20150725085948       107         6            283         2  2         0 "b) 7-8 hours"
20150725085948       107         8            315         4  2         0 "2 good"
20150725085948       107        10            236         9  2         0 "0 not at all"
20150725085948       107        20            180         8  2         0 "1"
20150725085948       107        50            237         7  2         0 "2 somewhat"
20150725085948       107        60            198         8  2         0 "1"
20150725085948       107        80            188         7  2         0 "2 somewhat"
20150725085948       107       110            219         8  2         0 "1"
20150725085948       107       120            164         9  2         0 "0 not at all"
20150725085948       107       140            157         9  2         0 "0 not at all "
20150725085948       107      1210            280         9  2         0 "0 not at all"
20150725085948       107      1220            200         9  2         0 "0 not at all"
20150725085948       107      1230            259         9  2         0 "0 not at all"
20150725085948       107      1310            257         2  2         0 "No"
20150725085948       107      1410            326         9  2         0 "0 not at all"
20150725085948       107      1420            280         9  2         0 "0 not at all"
20150725085948       107      1430            166         8  2         0 "1"
20150725085948       107      1510            369         1  2         0 "0 none"
20150725085948       107      1520            216         1  2         0 "0 none"
20150725085948       107      1600            116         1  1         0 "Ok"
20150725124406       107         4            504         2  2         0 "No "
20150725124406       107        10            166         6  2         0 "3"
20150725124406       107        20            116         7  2         0 "2 somewhat"
20150725124406       107        50            181         9  2         0 "0 not at all"
20150725124406       107        60            123         7  2         0 "2 somewhat "
20150725124406       107      1080            146         9  2         0 "0 not at all"
20150725124406       107      1110            174         8  2         0 "1"
20150725124406       107      1120            167         9  2         0 "0 not at all"
20150725124406       107      1140            171         7  2         0 "2 somewhat"
20150725124406       107      1150            146         9  2         0 "0 not at all"
20150725124406       107      1160            202         9  2         0 "0 not at all"
20150725124406       107      1170            144         9  2         0 "0 not at all"
20150725124406       107      1180            181         9  2         0 "0 not at all"
20150725124406       107      1210            188         7  2         0 "2 somewhat"
20150725124406       107      1220            174         8  2         0 "1"
20150725124406       107      1230            165         9  2         0 "0 not at all"
20150725124406       107      1310            207         2  2         0 "No"
20150725124406       107      1410            347         7  2         0 "2 a little"
20150725124406       107      1420            160         8  2         0 "1"
20150725124406       107      1430            140         7  2         0 "2 a little"
20150725124406       107      1510            442         2  2         0 "1 1-10min"
20150725124406       107      1520            173         4  2         0 "3 21-30min"
20150725124406       107      1600            105         1  1         0 "Ok"
20150725162916       107         4            217         1  2         0 "Yes "
20150725162916       107         6            164         5  2         0 "e) 0-2 hours"
20150725162916       107         8            112         5  2         0 "1 very good"
20150725162916       107        10            175         6  2         0 "3"
20150725162916       107        20            124         6  2         0 "3"
20150725162916       107        50             98         7  2         0 "2 somewhat"
20150725162916       107        60            205         5  2         0 "4 much "
20150725162916       107      1080            767         7  2         0 "2 somewhat"
20150725162916       107      1110            124         8  2         0 "1"
20150725162916       107      1120            154         7  2         0 "2 somewhat"
20150725162916       107      1140            150         5  2         0 "4 much"
20150725162916       107      1150            117         7  2         0 "2 somewhat"
20150725162916       107      1160            115         6  2         0 "3"
20150725162916       107      1170            146         8  2         0 "1"
20150725162916       107      1180            114         5  2         0 "4 much"
20150725162916       107      1210            106         7  2         0 "2 somewhat"
20150725162916       107      1220            110         7  2         0 "2 a little"
20150725162916       107      1230            105         6  2         0 "3"
20150725162916       107      1310            197         1  2         0 "Yes"
20150725162916       107      1410            121         4  2         0 "5"
20150725162916       107      1420            119         6  2         0 "3"
20150725162916       107      1430            137         8  2         0 "1"
20150725162916       107      1510            119         2  2         0 "1 1-10min"
20150725162916       107      1520            146         7  2         0 "6 51-60min"
20150725162916       107      1600            101         1  1         0 "Ok"
20150725201456       107         4            253         2  2         0 "No "
20150725201456       107        10            179         6  2         0 "3"
20150725201456       107        20            144         7  2         0 "2 somewhat"
20150725201456       107        50            135         7  2         0 "2 somewhat"
20150725201456       107        60            183         7  2         0 "2 somewhat "
20150725201456       107      1080            118         7  2         0 "2 somewhat"
20150725201456       107      1110            151         8  2         0 "1"
20150725201456       107      1120            257         6  2         0 "3"
20150725201456       107      1140            181         7  2         0 "2 somewhat"
20150725201456       107      1150            135         7  2         0 "2 somewhat"
20150725201456       107      1160            137         7  2         0 "2 somewhat"
20150725201456       107      1170            192         6  2         0 "3"
20150725201456       107      1180            136         7  2         0 "2 somewhat"
20150725201456       107      1210            135         7  2         0 "2 somewhat"
20150725201456       107      1220            138         6  2         0 "3"
20150725201456       107      1230            135         7  2         0 "2 a little"
20150725201456       107      1310            244         2  2         0 "No"
20150725201456       107      1410            128         8  2         0 "1"
20150725201456       107      1420            135         6  2         0 "3"
20150725201456       107      1430            174         6  2         0 "3"
20150725201456       107      1510            148         7  2         0 "6 51-60min"
20150725201456       107      1520            117         5  2         0 "4 31-40min"
20150725201456       107      1600            109         1  1         0 "Ok"
20150726085907       107         4           1732         1  2         0 "Yes "
20150726085907       107         6            495         2  2         0 "b) 7-8 hours"
20150726085907       107         8            444         3  2         0 "3 fair"
20150726085907       107        10            192         4  2         0 "5"
20150726085907       107        20            155         3  2         0 "6 very much"
20150726085907       107        50            230         6  2         0 "3"
20150726085907       107        60            171         6  2         0 "3 "
20150726085907       107      1080            140         6  2         0 "3"
20150726085907       107      1110            187         7  2         0 "2 somewhat"
20150726085907       107      1120            562         5  2         0 "4 much"
20150726085907       107      1140            626         3  2         0 "6 very much"
20150726085907       107      1150            356         6  2         0 "3"
20150726085907       107      1160            131         7  2         0 "2 somewhat"
20150726085907       107      1170            179         5  2         0 "4 much"
20150726085907       107      1180            160         6  2         0 "3"
20150726085907       107      1210            431         8  2         0 "1"
20150726085907       107      1220            349         7  2         0 "2 a little"
20150726085907       107      1230            178         5  2         0 "4 some"
20150726085907       107      1310            287         2  2         0 "No"
20150726085907       107      1410            187         1  2         0 "8 extremely"
20150726085907       107      1420            314         2  2         0 "7"
20150726085907       107      1430            134         5  2         0 "4 somewhat"
20150726085907       107      1510            138         8  2         0 "7 61-70min"
20150726085907       107      1520            300         4  2         0 "3 21-30min"
20150726085907       107      1600            156         1  1         0 "Ok"
20150726124408       107         4            230         2  2         0 "No "
20150726124408       107        10            164         5  2         0 "4 much"
20150726124408       107        20            157         7  2         0 "2 somewhat"
20150726124408       107        50            166         7  2         0 "2 somewhat"
20150726124408       107        60            140         7  2         0 "2 somewhat "
20150726124408       107      1080            165         7  2         0 "2 somewhat"
20150726124408       107      1110            128         6  2         0 "3"
20150726124408       107      1120            201         7  2         0 "2 somewhat"
20150726124408       107      1140            222         7  2         0 "2 somewhat"
20150726124408       107      1150            324         8  2         0 "1"
20150726124408       107      1160            422         9  2         0 "0 not at all"
20150726124408       107      1170            125         7  2         0 "2 somewhat"
20150726124408       107      1180            235         8  2         0 "1"
20150726124408       107      1210            155         7  2         0 "2 somewhat"
20150726124408       107      1220            133         7  2         0 "2 a little"
20150726124408       107      1230            171         8  2         0 "1"
20150726124408       107      1310            266         2  2         0 "No"
20150726124408       107      1410            529         7  2         0 "2 a little"
20150726124408       107      1420            253         8  2         0 "1"
20150726124408       107      1430            405         7  2         0 "2 a little"
20150726124408       107      1510            310         5  2         0 "4 31-40min"
20150726124408       107      1520            128         6  2         0 "5 41-50min"
20150726124408       107      1600             94         1  1         0 "Ok"
20150726163447       107         4         214014         2  2         0 "No "
20150726163447       107        10            207         5  2         0 "4 much"
20150726163447       107        20            117         7  2         0 "2 somewhat"
20150726163447       107        50            126         7  2         0 "2 somewhat"
20150726163447       107        60            134         6  2         0 "3 "
20150726163447       107      1080            123         6  2         0 "3"
20150726163447       107      1110            120         7  2         0 "2 somewhat"
20150726163447       107      1120            113         7  2         0 "2 somewhat"
20150726163447       107      1140            125         7  2         0 "2 somewhat"
20150726163447       107      1150            120         7  2         0 "2 somewhat"
20150726163447       107      1160            106         7  2         0 "2 somewhat"
20150726163447       107      1170            116         6  2         0 "3"
20150726163447       107      1180            113         6  2         0 "3"
20150726163447       107      1210            104         7  2         0 "2 somewhat"
20150726163447       107      1220            104         7  2         0 "2 a little"
20150726163447       107      1230            204         7  2         0 "2 a little"
20150726163447       107      1310            239         2  2         0 "No"
20150726163447       107      1410            114         7  2         0 "2 a little"
20150726163447       107      1420            147         6  2         0 "3"
20150726163447       107      1430            136         6  2         0 "3"
20150726163447       107      1510            129         6  2         0 "5 41-50min"
20150726163447       107      1520            128         4  2         0 "3 21-30min"
20150726163447       107      1600            132         1  1         0 "Ok"
20150726202308       107         4            273         2  2         0 "No "
20150726202308       107        10            148         4  2         0 "5"
20150726202308       107        20            169         8  2         0 "1"
20150726202308       107        50            113         6  2         0 "3"
20150726202308       107        60            148         6  2         0 "3 "
20150726202308       107      1080            339         6  2         0 "3"
20150726202308       107      1110            128         7  2         0 "2 somewhat"
20150726202308       107      1120            117         6  2         0 "3"
20150726202308       107      1140            108         7  2         0 "2 somewhat"
20150726202308       107      1150            298         7  2         0 "2 somewhat"
20150726202308       107      1160            139         7  2         0 "2 somewhat"
20150726202308       107      1170            145         5  2         0 "4 much"
20150726202308       107      1180            111         6  2         0 "3"
20150726202308       107      1210            114         8  2         0 "1"
20150726202308       107      1220            127         2  2         0 "7"
20150726202308       107      1230            149         6  2         0 "3"
20150726202308       107      1310            292         2  2         0 "No"
20150726202308       107      1410            151         6  2         0 "3"
20150726202308       107      1420            117         7  2         0 "2 a little"
20150726202308       107      1430            123         6  2         0 "3"
20150726202308       107      1510            119         7  2         0 "6 51-60min"
20150726202308       107      1520            124         3  2         0 "2 21-30 min"
20150726202308       107      1600             92         1  1         0 "Ok"
20150727085903       107         4            206         1  2         0 "Yes "
20150727085903       107         6            513         2  2         0 "b) 7-8 hours"
20150727085903       107         8            355         4  2         0 "2 good"
20150727085903       107        10            226         8  2         0 "1"
20150727085903       107        20            136         6  2         0 "3"
20150727085903       107        50            182         7  2         0 "2 somewhat"
20150727085903       107        60            231         9  2         0 "0 not at all"
20150727085903       107        80            269         8  2         0 "1"
20150727085903       107       110            155         7  2         0 "2 somewhat"
20150727085903       107       120            189         8  2         0 "1"
20150727085903       107       140            183         9  2         0 "0 not at all "
20150727085903       107      1210            181         6  2         0 "3"
20150727085903       107      1220            135         7  2         0 "2 a little"
20150727085903       107      1230            169         6  2         0 "3"
20150727085903       107      1310            329         2  2         0 "No"
20150727085903       107      1410            138         7  2         0 "2 a little"
20150727085903       107      1420            132         6  2         0 "3"
20150727085903       107      1430            134         7  2         0 "2 a little"
20150727085903       107      1510            301         2  2         0 "1 1-10min"
20150727085903       107      1520            143         4  2         0 "3 21-30min"
20150727085903       107      1600             90         1  1         0 "Ok"
20150727124403       107         4         232722         2  2         0 "No "
20150727124403       107        10            202         5  2         0 "4 much"
20150727124403       107        20            173         6  2         0 "3"
20150727124403       107        50            137         8  2         0 "1"
20150727124403       107        60            134         9  2         0 "0 not at all"
20150727124403       107        80            280         9  2         0 "0 not at all"
20150727124403       107       110            144         8  2         0 "1"
20150727124403       107       120            139         9  2         0 "0 not at all"
20150727124403       107       140            184         9  2         0 "0 not at all "
20150727124403       107      1210            165         7  2         0 "2 somewhat"
20150727124403       107      1220            192         7  2         0 "2 a little"
20150727124403       107      1230            250         7  2         0 "2 a little"
20150727124403       107      1310            395         2  2         0 "No"
20150727124403       107      1410            177         6  2         0 "3"
20150727124403       107      1420            144         6  2         0 "3"
20150727124403       107      1430            172         5  2         0 "4 somewhat"
20150727124403       107      1510            152         2  2         0 "1 1-10min"
20150727124403       107      1520            140         3  2         0 "2 21-30 min"
20150727124403       107      1600            116         1  1         0 "Ok"
20150727162900       107    -32767              0      9999  0     65535 ""
20150727201400       107    -32767              0      9999  0     65535 ""
20150728085918       107         4            446         1  2         0 "Yes "
20150728085918       107         6            292         4  2         0 "d) 3-4 hours"
20150728085918       107         8            685         1  2         0 "5 very poor"
20150728085918       107        10          16809         6  2         0 "3"
20150728085918       107        20            135         8  2         0 "1"
20150728085918       107        50            147         7  2         0 "2 somewhat"
20150728085918       107        60            207         8  2         0 "1"
20150728085918       107        80            110         7  2         0 "2 somewhat"
20150728085918       107       110            160         8  2         0 "1"
20150728085918       107       120            112         7  2         0 "2 somewhat "
20150728085918       107      1140            142         7  2         0 "2 somewhat"
20150728085918       107      1150            117         7  2         0 "2 somewhat"
20150728085918       107      1160            110         8  2         0 "1"
20150728085918       107      1170            157         8  2         0 "1"
20150728085918       107      1180            115         5  2         0 "4 much"
20150728085918       107      1210            125         7  2         0 "2 somewhat"
20150728085918       107      1220            115         8  2         0 "1"
20150728085918       107      1230            119         7  2         0 "2 a little"
20150728085918       107      1310            211         1  2         0 "Yes"
20150728085918       107      1410            175         1  2         0 "8 extremely"
20150728085918       107      1420            114         5  2         0 "4 somewhat"
20150728085918       107      1430            117         5  2         0 "4 somewhat"
20150728085918       107      1510            110         7  2         0 "6 51-60min"
20150728085918       107      1520            153         2  2         0 "1 1-10min"
20150728085918       107      1600             81         1  1         0 "Ok"
20150728124414       107         4            177         2  2         0 "No "
20150728124414       107        10            110         7  2         0 "2 somewhat"
20150728124414       107        20            104         8  2         0 "1"
20150728124414       107        50            106         7  2         0 "2 somewhat"
20150728124414       107        60            104         8  2         0 "1"
20150728124414       107        80            104         6  2         0 "3"
20150728124414       107       110            225         7  2         0 "2 somewhat"
20150728124414       107       120            109         8  2         0 "1"
20150728124414       107       140            105         8  2         0 "1 "
20150728124414       107      1210            106         8  2         0 "1"
20150728124414       107      1220            112         7  2         0 "2 a little"
20150728124414       107      1230            109         8  2         0 "1"
20150728124414       107      1310            278         2  2         0 "No"
20150728124414       107      1410            187         8  2         0 "1"
20150728124414       107      1420            106         7  2         0 "2 a little"
20150728124414       107      1430             96         7  2         0 "2 a little"
20150728124414       107      1510            115         6  2         0 "5 41-50min"
20150728124414       107      1520            112         2  2         0 "1 1-10min"
20150728124414       107      1600             87         1  1         0 "Ok"
20150728162900       107    -32767              0      9999  0     65535 ""
20150728201400       107    -32767              0      9999  0     65535 ""
20150729085904       107         4            923         1  2         0 "Yes "
20150729085904       107         6            279         2  2         0 "b) 7-8 hours"
20150729085904       107         8            163         5  2         0 "1 very good"
20150729085904       107        10            122         5  2         0 "4 much"
20150729085904       107        20            120         7  2         0 "2 somewhat"
20150729085904       107        50            155         4  2         0 "5"
20150729085904       107        60            140         7  2         0 "2 somewhat "
20150729085904       107      1080            247         8  2         0 "1"
20150729085904       107      1110            183         9  2         0 "0 not at all"
20150729085904       107      1120            152         8  2         0 "1"
20150729085904       107      1140            160         8  2         0 "1"
20150729085904       107      1150            177         8  2         0 "1"
20150729085904       107      1160            142         9  2         0 "0 not at all"
20150729085904       107      1170            163         7  2         0 "2 somewhat"
20150729085904       107      1180            161         5  2         0 "4 much"
20150729085904       107      1210            165         7  2         0 "2 somewhat"
20150729085904       107      1220            137         7  2         0 "2 a little"
20150729085904       107      1230            136         6  2         0 "3"
20150729085904       107      1310            238         1  2         0 "Yes"
20150729085904       107      1410            140         4  2         0 "5"
20150729085904       107      1420            127         7  2         0 "2 a little"
20150729085904       107      1430            147         8  2         0 "1"
20150729085904       107      1510            133         6  2         0 "5 41-50min"
20150729085904       107      1520            175         1  2         0 "0 none"
20150729085904       107      1600             93         1  1         0 "Ok"
20150729124400       107    -32767              0      9999  0     65535 ""
20150729162900       107    -32767              0      9999  0     65535 ""
